      0/99     1.43G   0.07455   0.01122   0.01209   0.09786         8       640   0.01914   0.02632   0.00492 0.0008001   0.09335  0.009792  0.007235
      1/99     13.4G   0.06638  0.007657  0.003144   0.07718        18       640   0.05031    0.1866   0.02871  0.004428   0.08383  0.008648  0.003118
      2/99     11.3G   0.06298  0.006941  0.001662   0.07159        17       640   0.08372    0.1292   0.03608  0.006113   0.09797  0.008195   0.00325
      3/99     11.3G   0.05893  0.007129   0.00135   0.06741         5       640    0.2724    0.3373    0.2191   0.05072   0.08516  0.008766  0.002877
      4/99     11.3G   0.05869   0.00681  0.001161   0.06666        11       640    0.2648     0.311    0.2077   0.06052     0.086  0.008216  0.003269
      5/99     11.3G   0.06092  0.006232  0.001062   0.06821        12       640    0.3031    0.2297    0.1926   0.04705   0.07596  0.008013  0.002947
      6/99     11.3G    0.0608   0.00604  0.001477   0.06832        10       640    0.5188    0.3971    0.3926    0.1367   0.07803  0.008161  0.003132
      7/99     11.3G   0.05939  0.006296  0.001189   0.06688        18       640    0.4991    0.4268    0.3917    0.1276   0.06971  0.008354  0.002899
      8/99     11.3G   0.06039  0.005797  0.001074   0.06726        14       640    0.4311    0.3589    0.3368    0.1172   0.07952  0.008139  0.002377
      9/99     12.7G   0.05866  0.006188  0.001406   0.06626        18       640     0.479    0.4163    0.3585      0.11   0.07352  0.008707  0.002346
     10/99     12.7G   0.05954  0.006124  0.001183   0.06684        10       640     0.371    0.3517    0.2843   0.07433    0.0857  0.008118  0.002681
     11/99     12.7G   0.06071   0.00602 0.0009419   0.06767        12       640    0.2235   0.05981   0.04172   0.01576    0.1077  0.007277  0.004632
     12/99     12.7G   0.05983  0.005762 0.0007647   0.06636        12       640   0.03949   0.01675  0.002409 0.0007223    0.1151  0.007082   0.02471
     13/99     12.7G   0.06049  0.005988 0.0005843   0.06706        13       640    0.1894    0.1425   0.07523   0.01967   0.08667  0.008436   0.00173
     14/99     12.7G   0.06053  0.006023 0.0005223   0.06708        11       640   0.08904     0.134   0.04741   0.01318   0.09387  0.008891  0.001932
     15/99     12.7G    0.0585  0.005818 0.0005094   0.06483        19       640    0.3787    0.3708    0.3184    0.1035   0.07055  0.008333  0.001642
     16/99     12.7G   0.05854   0.00566 0.0005383   0.06474        14       640    0.5075     0.434    0.4304    0.1481   0.06981  0.007864   0.00165
     17/99     12.7G   0.05699  0.005704 0.0006538   0.06334        16       640    0.5909    0.3939    0.4222    0.1582   0.07497  0.008129  0.001462
     18/99     12.7G   0.05569  0.005888 0.0004949   0.06207        16       640    0.5132    0.5215    0.4976    0.1964    0.0629  0.008328  0.001482
     19/99     12.7G    0.0553   0.00553 0.0004138   0.06124        16       640    0.6056    0.6171    0.5969     0.223    0.0655  0.007479   0.00168
     20/99     12.7G   0.05506  0.005706 0.0003673   0.06113         8       640    0.6231    0.4713    0.5179    0.1864   0.06748  0.007407  0.001709
     21/99     12.7G   0.05468  0.005819 0.0003623   0.06086        21       640     0.712    0.5086    0.5837    0.2316   0.06627  0.007567   0.00144
     22/99     12.7G   0.05449   0.00566 0.0003978   0.06055        12       640    0.7404    0.5594    0.6409    0.2622   0.06345  0.007537  0.001545
     23/99     12.7G   0.05314  0.005438 0.0003771   0.05895        18       640    0.6656    0.5574    0.5969    0.2391   0.06652  0.007372  0.001483
     24/99     12.7G   0.05282  0.005352 0.0003426   0.05852        11       640    0.7097    0.5906    0.6655    0.2908   0.06233  0.007475  0.001449
     25/99     12.7G   0.05086  0.005535 0.0004141   0.05681        10       640    0.6138    0.5741    0.6144    0.2508   0.06099  0.007924  0.001355
     26/99     12.7G   0.05211  0.005492 0.0003439   0.05794         9       640    0.6597    0.6216    0.6413     0.263    0.0612  0.007792  0.001435
     27/99     12.7G   0.04992  0.005576 0.0003965   0.05589        11       640      0.59    0.4856     0.533    0.2073    0.0651  0.007956   0.00138
     28/99     12.7G   0.05102  0.005616 0.0004139   0.05705        21       640    0.6076    0.6196     0.627    0.2356   0.06144   0.00766  0.001396
     29/99     12.7G   0.05031  0.005715 0.0003284   0.05635        15       640    0.7271    0.5929    0.6697     0.272   0.06243  0.007845  0.001295
     30/99     12.7G    0.0489  0.005778 0.0002898   0.05497         8       640    0.7739    0.6552    0.7295    0.3152   0.06336  0.007487  0.001475
     31/99     12.7G    0.0492  0.005688 0.0002706   0.05516        15       640     0.698    0.6124    0.6716    0.2824   0.06252  0.007653  0.001249
     32/99     12.7G   0.04822  0.005717 0.0003146   0.05425         9       640    0.8004     0.634    0.7334    0.3351   0.05902  0.007404  0.001419
     33/99     12.7G   0.04922  0.005589 0.0003392   0.05515        15       640     0.802    0.6603    0.7422    0.3278   0.06282  0.007537  0.001346
     34/99     12.7G   0.04878  0.005538  0.000306   0.05462        11       640    0.8037    0.6172    0.7325    0.3403   0.06234  0.007192    0.0013
     35/99     12.7G   0.04735  0.005507  0.000324   0.05318        15       640    0.7928     0.701    0.7808    0.3468   0.06833  0.006956  0.001288
     36/99     12.7G   0.04825  0.005513 0.0002921   0.05406         9       640    0.8307    0.6579    0.7672     0.332   0.07424   0.00684   0.00136
     37/99     12.7G   0.04745  0.005581 0.0002936   0.05333        12       640    0.8063    0.6579    0.7529    0.3408   0.07378   0.00679  0.001353
     38/99     12.7G   0.04698  0.005548 0.0003151   0.05284        16       640    0.7671    0.6932     0.755    0.3506   0.07206  0.006703  0.001266
     39/99     12.7G   0.04648  0.005479 0.0002373   0.05219         9       640    0.7108    0.7033     0.736    0.3351   0.07228  0.006982  0.001168
     40/99     12.7G   0.04605  0.005643 0.0002331   0.05192        11       640    0.7626    0.7222    0.7898    0.3716   0.06364  0.007355  0.001237
     41/99     12.7G     0.045  0.005652 0.0002889   0.05094         7       640    0.7968    0.6794    0.7674    0.3505   0.05862  0.007561   0.00127
     42/99     12.7G   0.04463  0.005577 0.0002732   0.05048        13       640    0.7392    0.7416    0.7701    0.3518   0.05935  0.007663  0.001147
     43/99     12.7G   0.04462  0.005435 0.0002406    0.0503        12       640     0.758    0.7129    0.7636    0.3505   0.05245  0.008235  0.001068
     44/99     12.7G   0.04452  0.005323 0.0002425   0.05008         8       640    0.8157    0.7105    0.8041    0.3939   0.05326  0.007574  0.001207
     45/99     12.7G   0.04417   0.00529 0.0002511   0.04971        15       640    0.8458    0.7481     0.818    0.4054   0.05168  0.007784  0.001144
     46/99     12.7G   0.04377  0.005435 0.0002599   0.04946         9       640    0.7913    0.7438    0.8169    0.3841   0.05284  0.007773  0.001147
     47/99     12.7G   0.04362  0.005508  0.000215   0.04934        13       640      0.85    0.7057    0.8125    0.3938   0.05063  0.007843  0.001092
     48/99     12.7G    0.0437  0.005361 0.0002059   0.04927        12       640    0.7552    0.7608    0.8016    0.3783   0.05249  0.007807  0.001069
     49/99     12.7G   0.04317  0.005373  0.000207   0.04875        12       640    0.8242    0.7201    0.8089    0.3961   0.05314  0.007751  0.001049
     50/99     12.7G    0.0439  0.005282 0.0001925   0.04937         9       640    0.8414    0.7487     0.834    0.4206   0.05116  0.007755  0.001041
     51/99     12.7G   0.04214   0.00538 0.0001922   0.04771        11       640    0.8126    0.7368    0.8053    0.3903   0.05194  0.007661  0.001018
     52/99     12.7G   0.04236   0.00552 0.0001871   0.04807        18       640     0.856    0.7273    0.8245     0.404    0.0508  0.007827 0.0009997
     53/99     12.7G   0.04332  0.005457 0.0001832   0.04896        13       640    0.8575    0.6909    0.8122    0.3921   0.05135  0.007954 0.0009659
     54/99     12.7G   0.04222  0.005368 0.0001871   0.04778        12       640    0.8592    0.7751    0.8566    0.4201   0.04996  0.007711  0.001056
     55/99     12.7G     0.042  0.005191 0.0002028    0.0474        11       640    0.7994     0.782    0.8356    0.4014   0.05107  0.007984 0.0009328
     56/99     12.7G   0.04216  0.005414 0.0001977   0.04777        11       640    0.8255    0.7751    0.8503    0.4195   0.05196  0.007656  0.000978
     57/99     12.7G   0.04121  0.005236 0.0001702   0.04662        11       640    0.8495    0.7966    0.8608    0.4146   0.05123  0.007662 0.0009372
     58/99     12.7G   0.04064  0.005535 0.0001656   0.04634        16       640    0.8651    0.7847    0.8585    0.4325   0.05055  0.007517 0.0009807
     59/99     12.7G   0.04197  0.005337 0.0001596   0.04747        14       640    0.8858    0.7871     0.872    0.4322   0.04938  0.007614 0.0009416
     60/99     12.7G   0.04138  0.005425 0.0001667   0.04697        25       640    0.8715    0.7629    0.8573    0.4117    0.0501  0.007672 0.0009643
     61/99     12.7G   0.03965  0.005311 0.0001628   0.04513        10       640    0.8384    0.8325    0.8728    0.4275   0.04893  0.007558 0.0009435
     62/99     12.7G   0.04021  0.005191 0.0001615   0.04557        15       640    0.8651    0.8132    0.8712    0.4251   0.04943  0.007687 0.0009384
     63/99     12.7G   0.03924  0.005299 0.0001598   0.04469        11       640    0.8634    0.8012     0.857    0.4236   0.04807  0.007833 0.0009179
     64/99     12.7G   0.03975  0.005183 0.0001618    0.0451        13       640    0.8333    0.7656    0.8429    0.4255    0.0482  0.007935 0.0008441
     65/99     12.7G   0.03987  0.005287 0.0001572   0.04531        20       640     0.887     0.751    0.8535    0.4219    0.0472  0.007968 0.0008888
     66/99     12.7G   0.03931  0.005155 0.0001544   0.04462        24       640    0.8807    0.7608    0.8518    0.4169   0.04886  0.007846 0.0008682
     67/99     12.7G   0.03847   0.00517 0.0001548   0.04379        21       640    0.8734    0.8249    0.8865    0.4519   0.04961  0.007501 0.0008755
     68/99     12.7G   0.03928  0.005119 0.0001479   0.04454         8       640    0.8457    0.8014    0.8698    0.4339   0.04908  0.007657 0.0008505
     69/99     12.7G   0.03819  0.005242 0.0001437   0.04358        11       640     0.905     0.775    0.8688    0.4392   0.04802    0.0078 0.0008159
     70/99     12.7G   0.03783  0.005147  0.000151   0.04313        10       640       0.9    0.7967    0.8765      0.44   0.04795  0.007692 0.0008122
     71/99     12.7G   0.03756  0.005094 0.0001394    0.0428        14       640    0.8491    0.8348    0.8774    0.4512   0.04787  0.007753 0.0007737
     72/99     12.7G   0.03768  0.004947 0.0001319   0.04276        15       640    0.8955    0.8278    0.8878     0.443   0.04829   0.00763 0.0007985
     73/99     12.7G   0.03827  0.005059 0.0001326   0.04346        14       640     0.865    0.8445    0.8827    0.4483   0.04784  0.007707 0.0007525
     74/99     12.7G   0.03757  0.005245 0.0001251   0.04294        14       640     0.854    0.8134    0.8716    0.4406   0.04854  0.007666 0.0007665
     75/99     12.7G   0.03749  0.005072 0.0001252   0.04269        13       640    0.8379    0.8612    0.8829    0.4473   0.04747  0.007812  0.000735
     76/99     12.7G   0.03728  0.005207 0.0001247   0.04261        13       640    0.8655    0.8158    0.8692    0.4466    0.0472  0.007671  0.000748
     77/99     12.7G   0.03673   0.00514 0.0001206   0.04199        16       640    0.9019    0.7917    0.8715    0.4428    0.0465  0.007933 0.0007204
